[gd_scene load_steps=16 format=3 uid="uid://byt3nvexdh8mq"]

[ext_resource type="Script" path="res://main.gd" id="1_646vn"]
[ext_resource type="PackedScene" uid="uid://ciqtqfs2ll8dv" path="res://player.tscn" id="2_dxaym"]
[ext_resource type="PackedScene" uid="uid://ddwnmuvyx82hk" path="res://chestt.tscn" id="2_rd4pe"]
[ext_resource type="PackedScene" uid="uid://clvwe1iidw0gu" path="res://coin.tscn" id="3_lh0sk"]
[ext_resource type="Environment" uid="uid://b5gihowh2674s" path="res://Assets/Resources/sky.tres" id="4_3n8ap"]
[ext_resource type="MeshLibrary" uid="uid://brd8kcii511xo" path="res://Assets/R3/tiles4.tres" id="5_yvomw"]
[ext_resource type="PackedScene" uid="uid://cnn8p8mqe0akp" path="res://hud.tscn" id="7_irx06"]
[ext_resource type="MeshLibrary" uid="uid://b63ihu62bfvqp" path="res://Assets/ResourcesLib/trees/trees222.tres" id="8_dk5fy"]
[ext_resource type="Shader" path="res://Assets/Shaders/wind_waker_water.gdshader" id="9_64plo"]
[ext_resource type="PackedScene" uid="uid://5yilho1sihj2" path="res://wongame_over.tscn" id="10_d6chq"]
[ext_resource type="PackedScene" uid="uid://tat4e37s57eo" path="res://losegame_over.tscn" id="11_cpqrb"]
[ext_resource type="AudioStream" uid="uid://c06qoypblppt1" path="res://Assets/Sound/background_music.wav" id="12_8ih4o"]

[sub_resource type="BoxShape3D" id="BoxShape3D_0ubml"]
size = Vector3(125.108, 10, 110.078)

[sub_resource type="ShaderMaterial" id="ShaderMaterial_2hekb"]
render_priority = 0
shader = ExtResource("9_64plo")
shader_parameter/WATER_COL = Vector4(0.05, 0.25, 0.88, 1)
shader_parameter/WATER2_COL = Vector4(0.04, 0.35, 0.78, 1)
shader_parameter/FOAM_COL = Vector4(0.8125, 0.9609, 0.9648, 1)
shader_parameter/distortion_speed = 2.0
shader_parameter/tile = Vector2(50, 50)
shader_parameter/height = 2.0
shader_parameter/wave_size = Vector2(6, 6)
shader_parameter/wave_speed = 3.75

[sub_resource type="PlaneMesh" id="PlaneMesh_s7l23"]
material = SubResource("ShaderMaterial_2hekb")
size = Vector2(500, 500)
subdivide_width = 64
subdivide_depth = 64

[node name="Level1" type="Node3D"]
script = ExtResource("1_646vn")

[node name="DirectionalLight3D" type="DirectionalLight3D" parent="."]
transform = Transform3D(-0.168484, -0.983628, -0.0639439, 0.54125, -0.146536, 0.827995, -0.823809, 0.104894, 0.557078, -0.818827, 10.3565, 4.40798)
shadow_enabled = true

[node name="TreasureChests" type="Node3D" parent="."]

[node name="Chestt10" parent="TreasureChests" node_paths=PackedStringArray("hud") instance=ExtResource("2_rd4pe")]
transform = Transform3D(1, 0, 0, 0, 1, 0, 0, 0, 1, 6.40074, 8.61456, -13.7652)
hud = NodePath("../../HUD")

[node name="Chestt" parent="TreasureChests" node_paths=PackedStringArray("hud") instance=ExtResource("2_rd4pe")]
transform = Transform3D(1, 0, 0, 0, 1, 0, 0, 0, 1, 0, 3, -1)
hud = NodePath("../../HUD")

[node name="Chestt2" parent="TreasureChests" node_paths=PackedStringArray("hud") instance=ExtResource("2_rd4pe")]
transform = Transform3D(1, 0, 0, 0, 1, 0, 0, 0, 1, 2, 3, -6.08119)
hud = NodePath("../../HUD")

[node name="Chestt9" parent="TreasureChests" node_paths=PackedStringArray("hud") instance=ExtResource("2_rd4pe")]
transform = Transform3D(1, 0, 0, 0, 1, 0, 0, 0, 1, -17.0895, 7.98407, -12.908)
hud = NodePath("../../HUD")

[node name="Chestt15" parent="TreasureChests" node_paths=PackedStringArray("hud") instance=ExtResource("2_rd4pe")]
transform = Transform3D(1, 0, 0, 0, 1, 0, 0, 0, 1, -18.9552, 7.98407, -12.908)
hud = NodePath("../../HUD")

[node name="Chestt4" parent="TreasureChests" node_paths=PackedStringArray("hud") instance=ExtResource("2_rd4pe")]
transform = Transform3D(1, 0, 0, 0, 1, 0, 0, 0, 1, 5.65114, 3.17581, -13.6133)
hud = NodePath("../../HUD")

[node name="Chestt11" parent="TreasureChests" node_paths=PackedStringArray("hud") instance=ExtResource("2_rd4pe")]
transform = Transform3D(1, 0, 0, 0, 1, 0, 0, 0, 1, -4.92683, 2.15365, -29.1983)
hud = NodePath("../../HUD")

[node name="Chestt12" parent="TreasureChests" node_paths=PackedStringArray("hud") instance=ExtResource("2_rd4pe")]
transform = Transform3D(1, 0, 0, 0, 1, 0, 0, 0, 1, -1.7468, 2.28533, -23.1814)
hud = NodePath("../../HUD")

[node name="Chestt13" parent="TreasureChests" node_paths=PackedStringArray("hud") instance=ExtResource("2_rd4pe")]
transform = Transform3D(1, 0, 0, 0, 1, 0, 0, 0, 1, -9.71779, 2.28533, -23.8505)
hud = NodePath("../../HUD")

[node name="Chestt14" parent="TreasureChests" node_paths=PackedStringArray("hud") instance=ExtResource("2_rd4pe")]
transform = Transform3D(1, 0, 0, 0, 1, 0, 0, 0, 1, -11.5575, 2.28533, -20.4223)
hud = NodePath("../../HUD")

[node name="Chestt3" parent="TreasureChests" node_paths=PackedStringArray("hud") instance=ExtResource("2_rd4pe")]
transform = Transform3D(1, 0, 0, 0, 1, 0, 0, 0, 1, 5.91335, 2.47067, -9.02696)
hud = NodePath("../../HUD")

[node name="Chestt16" parent="TreasureChests" node_paths=PackedStringArray("hud") instance=ExtResource("2_rd4pe")]
transform = Transform3D(1, 0, 0, 0, 1, 0, 0, 0, 1, 5.65114, 3.17581, -13.6133)
hud = NodePath("../../HUD")

[node name="Chestt17" parent="TreasureChests" node_paths=PackedStringArray("hud") instance=ExtResource("2_rd4pe")]
transform = Transform3D(1, 0, 0, 0, 1, 0, 0, 0, 1, 5.91335, 2.47067, -9.02696)
hud = NodePath("../../HUD")

[node name="Chestt7" parent="TreasureChests" node_paths=PackedStringArray("hud") instance=ExtResource("2_rd4pe")]
transform = Transform3D(1, 0, 0, 0, 1, 0, 0, 0, 1, 12.6433, 2.47067, -20.4732)
hud = NodePath("../../HUD")

[node name="Chestt8" parent="TreasureChests" node_paths=PackedStringArray("hud") instance=ExtResource("2_rd4pe")]
transform = Transform3D(0.998637, 0.0521965, 0, -0.0521965, 0.998637, 0, 0, 0, 1, 11.1137, 7.48914, -14.9439)
hud = NodePath("../../HUD")

[node name="Chestt5" parent="TreasureChests" node_paths=PackedStringArray("hud") instance=ExtResource("2_rd4pe")]
transform = Transform3D(1, 0, 0, 0, 1, 0, 0, 0, 1, 12.4843, 2.47067, -9.02696)
hud = NodePath("../../HUD")

[node name="Chestt6" parent="TreasureChests" node_paths=PackedStringArray("hud") instance=ExtResource("2_rd4pe")]
transform = Transform3D(0.810727, 0, -0.585425, 0, 1, 0, 0.585425, 0, 0.810727, 22.0229, 6.4395, -0.121971)
hud = NodePath("../../HUD")

[node name="Chestt18" parent="TreasureChests" node_paths=PackedStringArray("hud") instance=ExtResource("2_rd4pe")]
transform = Transform3D(0.810727, 0, -0.585425, 0, 1, 0, 0.585425, 0, 0.810727, 18.0407, 3.76043, 15.557)
hud = NodePath("../../HUD")

[node name="Player" parent="." instance=ExtResource("2_dxaym")]
transform = Transform3D(1, 0, 0, 0, 1, 0, 0, 0, 1, -1, 3.00371, 1)

[node name="WorldEnvironment" type="WorldEnvironment" parent="."]
environment = ExtResource("4_3n8ap")

[node name="GridMap" type="GridMap" parent="."]
mesh_library = ExtResource("5_yvomw")
collision_layer = 2
collision_mask = 5
data = {
"cells": PackedInt32Array(65532, 65530, 17, 65532, 65531, 17, 65532, 65532, 17, 65532, 65533, 17, 65532, 65534, 17, 65532, 65535, 17, 65532, 0, 17, 65532, 1, 17, 65532, 2, 17, 65533, 65530, 17, 65533, 65531, 17, 65533, 65532, 17, 65533, 65533, 17, 65533, 65534, 17, 65533, 65535, 17, 65533, 0, 17, 65533, 1, 17, 65533, 2, 17, 65533, 3, 17, 65533, 4, 17, 65533, 5, 17, 65534, 65530, 17, 65534, 65531, 17, 65534, 65532, 17, 65534, 65533, 17, 65534, 65534, 17, 65534, 65535, 17, 65534, 0, 17, 65534, 1, 17, 65534, 2, 17, 65534, 3, 17, 65534, 4, 17, 65534, 5, 17, 65535, 65530, 17, 65535, 65531, 17, 65535, 65532, 17, 65535, 65533, 17, 65535, 65534, 17, 65535, 65535, 17, 65535, 0, 17, 65535, 1, 17, 65535, 2, 17, 65535, 3, 17, 65535, 4, 17, 65535, 5, 17, 0, 65530, 17, 0, 65531, 17, 0, 65532, 17, 0, 65533, 17, 0, 65534, 17, 0, 65535, 17, 0, 0, 17, 0, 1, 17, 0, 2, 17, 0, 3, 17, 0, 4, 17, 0, 5, 17, 1, 65530, 17, 1, 65531, 17, 1, 65532, 17, 1, 65533, 17, 1, 65534, 17, 1, 65535, 17, 1, 0, 17, 1, 1, 17, 1, 2, 17, 1, 3, 17, 1, 4, 17, 1, 5, 17, 2, 65530, 17, 2, 65531, 17, 2, 65532, 17, 2, 65533, 17, 2, 65534, 17, 2, 65535, 17, 2, 0, 17, 2, 1, 17, 2, 2, 17, 2, 3, 17, 2, 4, 17, 2, 5, 17, 3, 65530, 17, 3, 65531, 17, 3, 65532, 17, 3, 65533, 17, 3, 65534, 17, 3, 65535, 17, 3, 0, 17, 3, 1, 17, 3, 2, 17, 3, 3, 17, 3, 4, 17, 3, 5, 17, 4, 65530, 17, 4, 65531, 17, 4, 65532, 17, 4, 65533, 17, 4, 65534, 17, 4, 65535, 17, 4, 0, 17, 4, 1, 17, 4, 2, 17, 4, 3, 17, 4, 4, 17, 4, 5, 17, 131079, 65535, 1048601, 131080, 65535, 1048601, 131081, 65535, 1048601, 131082, 65535, 1048609, 131083, 65535, 1048609, 131082, 65534, 1048609, 131083, 65534, 1048609, 131082, 0, 1048609, 131083, 0, 1048609, 196599, 65533, 1048601, 196599, 65534, 1048601, 196599, 65535, 1048601, 196599, 0, 1048601, 196599, 1, 1048601, 196600, 65533, 1048601, 196600, 65534, 1048601, 196600, 65535, 1048601, 196600, 0, 1048601, 196600, 1, 1048601, 262140, 65528, 1441825, 262140, 65529, 1441825, 262141, 65528, 1441825, 262141, 65529, 1441825, 262142, 65528, 1441825, 262142, 65529, 1441825, 262143, 65528, 1441825, 262143, 65529, 1441825, 196608, 65528, 1441825, 196608, 65529, 1441825, 196609, 65528, 1441825, 196609, 65529, 1441825, 196610, 65528, 1441825, 196610, 65529, 1441825, 196611, 65528, 1441825, 196611, 65529, 1441825, 196612, 65528, 1441825, 196612, 65529, 1441825, 65532, 3, 17, 65532, 4, 17, 65532, 5, 17, 3, 8, 1441808, 4, 8, 1441808, 5, 8, 1441808, 6, 8, 1441808, 7, 8, 1441808, 7, 4, 1441808, 7, 5, 1441808, 7, 6, 1441808, 7, 7, 1441808, 8, 4, 1441808, 8, 5, 1441808, 8, 6, 1441808, 8, 7, 1441808, 8, 8, 1441808, 7, 9, 1441808, 6, 9, 1441808, 5, 9, 1441808, 4, 9, 1441808, 3, 9, 1441808, 8, 9, 1441808, 8, 10, 1441808, 6, 10, 1441808, 5, 10, 1441808, 4, 10, 1441808, 3, 10, 1441808, 9, 4, 1441808, 9, 5, 1441808, 9, 6, 1441808, 9, 7, 1441808, 9, 10, 1441808, 9, 9, 1441808, 9, 8, 1441808, 7, 10, 1441808, 5, 65530, 655376, 1, 65517, 655376, 1, 65518, 655376, 1, 65519, 655376, 1, 65520, 655376, 1, 65521, 655376, 1, 65522, 655376, 1, 65523, 655376, 1, 65524, 655376, 1, 65525, 655376, 1, 65526, 655376, 1, 65527, 655376, 1, 65528, 655376, 2, 65517, 655376, 2, 65518, 655376, 2, 65519, 655376, 2, 65520, 655376, 2, 65521, 655376, 2, 65522, 655376, 2, 65523, 655376, 2, 65524, 655376, 2, 65525, 655376, 2, 65526, 655376, 2, 65527, 655376, 2, 65528, 655376, 2, 65529, 655376, 3, 65517, 655376, 3, 65518, 655376, 3, 65519, 655376, 3, 65520, 655376, 3, 65521, 655376, 3, 65522, 655376, 3, 65523, 655376, 3, 65524, 655376, 3, 65525, 655376, 3, 65526, 655376, 3, 65527, 655376, 3, 65528, 655376, 3, 65529, 655376, 4, 65517, 655376, 4, 65518, 655376, 4, 65519, 655376, 4, 65520, 655376, 4, 65521, 655376, 4, 65522, 655376, 4, 65523, 655376, 4, 65524, 655376, 4, 65525, 655376, 4, 65526, 655376, 4, 65527, 655376, 4, 65528, 655376, 4, 65529, 655376, 5, 65517, 655376, 5, 65518, 655376, 5, 65519, 655376, 5, 65520, 655376, 5, 65521, 655376, 5, 65522, 655376, 5, 65523, 655376, 5, 65524, 655376, 5, 65525, 655376, 5, 65526, 655376, 5, 65527, 655376, 5, 65528, 655376, 5, 65529, 655376, 6, 65517, 655376, 6, 65518, 655376, 6, 65519, 655376, 6, 65520, 655376, 6, 65521, 655376, 6, 65522, 655376, 6, 65523, 655376, 6, 65524, 655376, 6, 65525, 655376, 6, 65526, 655376, 6, 65527, 655376, 6, 65528, 655376, 6, 65529, 655376, 7, 65517, 655376, 7, 65518, 655376, 7, 65519, 655376, 7, 65520, 655376, 7, 65521, 655376, 7, 65522, 655376, 7, 65523, 655376, 7, 65524, 655376, 7, 65525, 655376, 7, 65526, 655376, 7, 65527, 655376, 7, 65528, 655376, 7, 65529, 655376, 8, 65517, 655376, 8, 65518, 655376, 8, 65519, 655376, 8, 65520, 655376, 8, 65521, 655376, 8, 65522, 655376, 8, 65523, 655376, 8, 65524, 655376, 8, 65525, 655376, 8, 65526, 655376, 8, 65527, 655376, 8, 65528, 655376, 8, 65529, 655376, 9, 65517, 655376, 9, 65518, 655376, 9, 65519, 655376, 9, 65520, 655376, 9, 65521, 655376, 9, 65522, 655376, 9, 65523, 655376, 9, 65524, 655376, 9, 65525, 655376, 9, 65526, 655376, 9, 65527, 655376, 9, 65528, 655376, 9, 65529, 655376, 10, 65517, 655376, 10, 65518, 655376, 10, 65519, 655376, 10, 65520, 655376, 10, 65521, 655376, 10, 65522, 655376, 10, 65523, 655376, 10, 65524, 655376, 10, 65525, 655376, 10, 65526, 655376, 10, 65527, 655376, 10, 65528, 655376, 10, 65529, 655376, 11, 65517, 655376, 11, 65518, 655376, 11, 65519, 655376, 11, 65520, 655376, 11, 65521, 655376, 11, 65522, 655376, 11, 65523, 655376, 11, 65524, 655376, 11, 65525, 655376, 11, 65526, 655376, 11, 65527, 655376, 11, 65528, 655376, 11, 65529, 655376, 12, 65517, 655376, 12, 65518, 655376, 12, 65519, 655376, 12, 65520, 655376, 12, 65521, 655376, 12, 65522, 655376, 12, 65523, 655376, 12, 65524, 655376, 12, 65525, 655376, 12, 65526, 655376, 12, 65527, 655376, 12, 65528, 655376, 12, 65529, 655376, 65527, 65517, 17, 65527, 65518, 17, 65527, 65519, 17, 65527, 65520, 17, 65527, 65521, 17, 65527, 65522, 17, 65527, 65523, 17, 65527, 65524, 17, 65527, 65525, 17, 65527, 65526, 17, 65527, 65527, 17, 65527, 65528, 17, 65527, 65529, 17, 65528, 65517, 17, 65528, 65518, 17, 65528, 65519, 17, 65528, 65520, 17, 65528, 65521, 17, 65528, 65522, 17, 65528, 65523, 17, 65528, 65524, 17, 65528, 65525, 17, 65528, 65526, 17, 65528, 65527, 17, 65528, 65528, 17, 65528, 65529, 17, 65529, 65517, 17, 65529, 65518, 17, 65529, 65519, 17, 65529, 65520, 17, 65529, 65521, 17, 65529, 65522, 17, 65529, 65523, 17, 65529, 65524, 17, 65529, 65525, 17, 65529, 65526, 17, 65529, 65527, 17, 65529, 65528, 17, 65529, 65529, 17, 65530, 65517, 17, 65530, 65518, 17, 65530, 65519, 17, 65530, 65520, 17, 65530, 65521, 17, 65530, 65522, 17, 65530, 65523, 17, 65530, 65524, 17, 65530, 65525, 17, 65530, 65526, 17, 65530, 65527, 17, 65530, 65528, 17, 65530, 65529, 17, 65531, 65517, 17, 65531, 65518, 17, 65531, 65519, 17, 65531, 65520, 17, 65531, 65521, 17, 65531, 65522, 17, 65531, 65523, 17, 65531, 65524, 17, 65531, 65525, 17, 65531, 65526, 17, 65531, 65527, 17, 65531, 65528, 17, 65531, 65529, 17, 65532, 65517, 17, 65532, 65518, 17, 65532, 65519, 17, 65532, 65520, 17, 65532, 65521, 17, 65532, 65522, 17, 65532, 65523, 17, 65532, 65524, 17, 65532, 65525, 17, 65532, 65526, 17, 65532, 65527, 17, 65532, 65528, 17, 65532, 65529, 17, 65533, 65517, 17, 65533, 65518, 17, 65533, 65519, 17, 65533, 65520, 17, 65533, 65521, 17, 65533, 65522, 17, 65533, 65523, 17, 65533, 65524, 17, 65533, 65525, 17, 65533, 65526, 17, 65533, 65527, 17, 65533, 65528, 17, 65533, 65529, 17, 65534, 65517, 17, 65534, 65518, 17, 65534, 65519, 17, 65534, 65520, 17, 65534, 65521, 17, 65534, 65522, 17, 65534, 65523, 17, 65534, 65524, 17, 65534, 65525, 17, 65534, 65526, 17, 65534, 65527, 17, 65534, 65528, 17, 65534, 65529, 17, 65535, 65517, 17, 65535, 65518, 17, 65535, 65519, 17, 65535, 65520, 17, 65535, 65521, 17, 65535, 65522, 17, 65535, 65523, 17, 65535, 65524, 17, 65535, 65525, 17, 65535, 65526, 17, 65535, 65527, 17, 65535, 65528, 17, 65535, 65529, 17, 0, 65517, 17, 0, 65518, 17, 0, 65519, 17, 0, 65520, 17, 0, 65521, 17, 0, 65522, 17, 0, 65523, 17, 0, 65524, 17, 0, 65525, 17, 0, 65526, 17, 0, 65527, 17, 0, 65528, 17, 0, 65529, 17, 65531, 65535, 17, 65531, 0, 17, 65530, 65535, 17, 65530, 0, 17, 131065, 0, 16, 131061, 65533, 16, 131061, 65534, 16, 131061, 65535, 16, 131061, 0, 16, 131060, 65533, 16, 131060, 65534, 16, 131060, 65535, 16, 131059, 65535, 16, 131059, 0, 16, 131059, 65533, 16, 131066, 0, 1048604, 131066, 65535, 1048604, 131065, 65535, 1048608, 131059, 1, 1048608, 131060, 1, 1048608, 131059, 2, 1048608, 131059, 3, 1048608, 131059, 4, 1048608, 131060, 2, 1048608, 131060, 4, 1048608, 131061, 2, 1048608, 131060, 65531, 1048608, 131061, 65531, 1048608, 131061, 65532, 1048608, 131059, 65531, 1048608, 131059, 65532, 1048608, 131059, 65534, 1048608, 131061, 1, 1048608, 131061, 4, 1048608, 131061, 3, 1048608, 131079, 65531, 1048601, 131080, 65531, 1048601, 131081, 65531, 1048601, 131082, 65531, 1048601, 131083, 65532, 1048601, 131083, 65533, 1048601, 6, 65530, 1048592, 5, 65531, 1048592, 6, 65531, 1048592, 5, 65532, 1048592, 6, 65532, 1048592, 5, 65533, 1048592, 6, 65533, 1048592, 196613, 65529, 1048615, 196613, 65528, 1048615, 65542, 65529, 1048615, 131079, 65529, 1048615, 131079, 65528, 1048615, 131079, 65530, 1048615, 262139, 65529, 1048615, 262138, 65529, 1048615, 262137, 65529, 1048615, 262136, 65529, 1048615, 262135, 65529, 1048615, 196600, 65530, 1048615, 196599, 65530, 1048615, 196601, 65530, 1048615, 196602, 65530, 1048615, 196603, 65530, 1048615, 196598, 65530, 1048615, 262134, 65529, 1048615, 65548, 65517, 20, 65547, 65517, 20, 65547, 65516, 20, 65546, 65516, 20, 65545, 65516, 20, 65544, 65516, 20, 65544, 65517, 20, 65545, 65517, 20, 65546, 65517, 20, 65548, 65516, 20, 65548, 65515, 20, 65547, 65515, 20, 65546, 65515, 20, 65545, 65515, 20, 65543, 65516, 20, 65543, 65517, 20, 65545, 65518, 20, 65546, 65518, 20, 65547, 65518, 20, 65544, 65518, 20, 65543, 65518, 20, 65544, 65515, 20, 65543, 65515, 20, 65544, 65519, 20, 65543, 65519, 20, 65545, 65519, 20, 65546, 65519, 20, 65547, 65519, 20, 65547, 65520, 20, 65546, 65520, 20, 65546, 65521, 20, 65545, 65520, 20, 65544, 65520, 20, 65543, 65520, 20, 65543, 65521, 20, 65544, 65521, 20, 65545, 65521, 20, 65547, 65521, 20, 65548, 65518, 1441812, 65548, 65519, 1441812, 65548, 65520, 1441812, 65548, 65521, 1441812, 1, 65529, 655376, 65537, 65519, 1441812, 65537, 65520, 1441812, 65537, 65521, 1441812, 131068, 65529, 1441831, 131068, 65530, 1441831)
}
metadata/_editor_floor_ = Vector3(0, 1, 0)

[node name="FallZone" type="Area3D" parent="."]
transform = Transform3D(1, 0, 0, 0, 1, 0, 0, 0, 1, 0, -8.65788, 0)
collision_layer = 8

[node name="CollisionShape3D" type="CollisionShape3D" parent="FallZone"]
transform = Transform3D(1, 0, 0, 0, 1, 0, 0, 0, 1, 0.404583, -0.20104, -5.03906)
shape = SubResource("BoxShape3D_0ubml")

[node name="Coins" type="Node3D" parent="."]

[node name="Coin1" parent="Coins" node_paths=PackedStringArray("hud") instance=ExtResource("3_lh0sk")]
transform = Transform3D(-0.0567799, 0, -0.998387, 0, 1, 0, 0.998387, 0, -0.0567799, -2.51595, 2.51002, -3)
hud = NodePath("../../HUD")

[node name="Coin2" parent="Coins" node_paths=PackedStringArray("hud") instance=ExtResource("3_lh0sk")]
transform = Transform3D(-0.0567799, 0, -0.998387, 0, 1, 0, 0.998387, 0, -0.0567799, -4.35791, 2.51002, -3)
hud = NodePath("../../HUD")

[node name="Coin3" parent="Coins" node_paths=PackedStringArray("hud") instance=ExtResource("3_lh0sk")]
transform = Transform3D(-0.0567799, 0, -0.998387, 0, 1, 0, 0.998387, 0, -0.0567799, -6.35791, 3.51002, -3)
hud = NodePath("../../HUD")

[node name="Coin4" parent="Coins" node_paths=PackedStringArray("hud") instance=ExtResource("3_lh0sk")]
transform = Transform3D(-0.0567799, 0, -0.998387, 0, 1, 0, 0.998387, 0, -0.0567799, -6.35791, 2.51002, -5)
hud = NodePath("../../HUD")

[node name="Coin50" parent="Coins" node_paths=PackedStringArray("hud") instance=ExtResource("3_lh0sk")]
transform = Transform3D(0.93082, 0, 0.365478, 0, 1, 0, -0.365478, 0, 0.93082, -11.709, 2.51002, -27.3345)
hud = NodePath("../../HUD")

[node name="Coin51" parent="Coins" node_paths=PackedStringArray("hud") instance=ExtResource("3_lh0sk")]
transform = Transform3D(0.93082, 0, 0.365478, 0, 1, 0, -0.365478, 0, 0.93082, -10.9395, 2.51002, -25.661)
hud = NodePath("../../HUD")

[node name="Coin54" parent="Coins" node_paths=PackedStringArray("hud") instance=ExtResource("3_lh0sk")]
transform = Transform3D(0.93082, 0, 0.365478, 0, 1, 0, -0.365478, 0, 0.93082, -12.9268, 7.94085, -13.0345)
hud = NodePath("../../HUD")

[node name="Coin59" parent="Coins" node_paths=PackedStringArray("hud") instance=ExtResource("3_lh0sk")]
transform = Transform3D(0.93082, 0, 0.365478, 0, 1, 0, -0.365478, 0, 0.93082, -13.1631, 6.09328, -10.7988)
hud = NodePath("../../HUD")

[node name="Coin60" parent="Coins" node_paths=PackedStringArray("hud") instance=ExtResource("3_lh0sk")]
transform = Transform3D(0.93082, 0, 0.365478, 0, 1, 0, -0.365478, 0, 0.93082, -16.873, 6.09328, -10.7988)
hud = NodePath("../../HUD")

[node name="Coin57" parent="Coins" node_paths=PackedStringArray("hud") instance=ExtResource("3_lh0sk")]
transform = Transform3D(0.93082, 0, 0.365478, 0, 1, 0, -0.365478, 0, 0.93082, -15.0076, 7.94085, -13.0345)
hud = NodePath("../../HUD")

[node name="Coin56" parent="Coins" node_paths=PackedStringArray("hud") instance=ExtResource("3_lh0sk")]
transform = Transform3D(0.93082, 0, 0.365478, 0, 1, 0, -0.365478, 0, 0.93082, -10.9395, 7.94085, -13.0345)
hud = NodePath("../../HUD")

[node name="Coin58" parent="Coins" node_paths=PackedStringArray("hud") instance=ExtResource("3_lh0sk")]
transform = Transform3D(0.93082, 0, 0.365478, 0, 1, 0, -0.365478, 0, 0.93082, -9.01147, 7.94085, -13.0345)
hud = NodePath("../../HUD")

[node name="Coin52" parent="Coins" node_paths=PackedStringArray("hud") instance=ExtResource("3_lh0sk")]
transform = Transform3D(0.93082, 0, 0.365478, 0, 1, 0, -0.365478, 0, 0.93082, -7.9934, 2.95009, -23.8438)
hud = NodePath("../../HUD")

[node name="Coin53" parent="Coins" node_paths=PackedStringArray("hud") instance=ExtResource("3_lh0sk")]
transform = Transform3D(0.93082, 0, 0.365478, 0, 1, 0, -0.365478, 0, 0.93082, -11.9212, 2.51002, -23.0083)
hud = NodePath("../../HUD")

[node name="Coin47" parent="Coins" node_paths=PackedStringArray("hud") instance=ExtResource("3_lh0sk")]
transform = Transform3D(-0.0567799, 0, -0.998387, 0, 1, 0, 0.998387, 0, -0.0567799, -4.2492, 2.51002, 7.81799)
hud = NodePath("../../HUD")

[node name="Coin48" parent="Coins" node_paths=PackedStringArray("hud") instance=ExtResource("3_lh0sk")]
transform = Transform3D(-0.0567799, 0, -0.998387, 0, 1, 0, 0.998387, 0, -0.0567799, -6.2492, 3.51002, 7.81799)
hud = NodePath("../../HUD")

[node name="Coin49" parent="Coins" node_paths=PackedStringArray("hud") instance=ExtResource("3_lh0sk")]
transform = Transform3D(-0.0567799, 0, -0.998387, 0, 1, 0, 0.998387, 0, -0.0567799, -6.2492, 2.51002, 5.81799)
hud = NodePath("../../HUD")

[node name="Coin5" parent="Coins" node_paths=PackedStringArray("hud") instance=ExtResource("3_lh0sk")]
transform = Transform3D(-0.0567799, 0, -0.998387, 0, 1, 0, 0.998387, 0, -0.0567799, -4.35791, 3.51002, -10)
hud = NodePath("../../HUD")

[node name="Coin6" parent="Coins" node_paths=PackedStringArray("hud") instance=ExtResource("3_lh0sk")]
transform = Transform3D(-0.0567799, 0, -0.998387, 0, 1, 0, 0.998387, 0, -0.0567799, -6.22062, 3.51002, -10)
hud = NodePath("../../HUD")

[node name="Coin7" parent="Coins" node_paths=PackedStringArray("hud") instance=ExtResource("3_lh0sk")]
transform = Transform3D(-0.0567799, 0, -0.998387, 0, 1, 0, 0.998387, 0, -0.0567799, -6.22062, 3.51002, -7.95556)
hud = NodePath("../../HUD")

[node name="Coin8" parent="Coins" node_paths=PackedStringArray("hud") instance=ExtResource("3_lh0sk")]
transform = Transform3D(-0.0567799, 0, -0.998387, 0, 1, 0, 0.998387, 0, -0.0567799, -6.22062, 3.51002, -13.2711)
hud = NodePath("../../HUD")

[node name="Coin55" parent="Coins" node_paths=PackedStringArray("hud") instance=ExtResource("3_lh0sk")]
transform = Transform3D(-0.0567799, 0, -0.998387, 0, 1, 0, 0.998387, 0, -0.0567799, -7.35144, 4.50557, -12.5117)
hud = NodePath("../../HUD")

[node name="Coin9" parent="Coins" node_paths=PackedStringArray("hud") instance=ExtResource("3_lh0sk")]
transform = Transform3D(-0.0567799, 0, -0.998387, 0, 1, 0, 0.998387, 0, -0.0567799, -6.22062, 3.51002, -17.1648)
hud = NodePath("../../HUD")

[node name="Coin10" parent="Coins" node_paths=PackedStringArray("hud") instance=ExtResource("3_lh0sk")]
transform = Transform3D(-0.0567799, 0, -0.998387, 0, 1, 0, 0.998387, 0, -0.0567799, -3.87298, 3.51002, -17.1648)
hud = NodePath("../../HUD")

[node name="Coin11" parent="Coins" node_paths=PackedStringArray("hud") instance=ExtResource("3_lh0sk")]
transform = Transform3D(-0.0567799, 0, -0.998387, 0, 1, 0, 0.998387, 0, -0.0567799, -1.86889, 3.51002, -17.1648)
hud = NodePath("../../HUD")

[node name="Coin12" parent="Coins" node_paths=PackedStringArray("hud") instance=ExtResource("3_lh0sk")]
transform = Transform3D(-0.0567799, 0, -0.998387, 0, 1, 0, 0.998387, 0, -0.0567799, 0.249722, 3.51002, -17.1648)
hud = NodePath("../../HUD")

[node name="Coin13" parent="Coins" node_paths=PackedStringArray("hud") instance=ExtResource("3_lh0sk")]
transform = Transform3D(-0.0567799, 0, -0.998387, 0, 1, 0, 0.998387, 0, -0.0567799, 3.71393, 3.51002, -17.1648)
hud = NodePath("../../HUD")

[node name="Coin69" parent="Coins" node_paths=PackedStringArray("hud") instance=ExtResource("3_lh0sk")]
transform = Transform3D(-0.0567799, 0, -0.998387, 0, 1, 0, 0.998387, 0, -0.0567799, -6.22062, 3.51002, -17.1648)
hud = NodePath("../../HUD")

[node name="Coin70" parent="Coins" node_paths=PackedStringArray("hud") instance=ExtResource("3_lh0sk")]
transform = Transform3D(-0.0567799, 0, -0.998387, 0, 1, 0, 0.998387, 0, -0.0567799, -3.87298, 3.51002, -17.1648)
hud = NodePath("../../HUD")

[node name="Coin71" parent="Coins" node_paths=PackedStringArray("hud") instance=ExtResource("3_lh0sk")]
transform = Transform3D(-0.0567799, 0, -0.998387, 0, 1, 0, 0.998387, 0, -0.0567799, -1.86889, 3.51002, -17.1648)
hud = NodePath("../../HUD")

[node name="Coin72" parent="Coins" node_paths=PackedStringArray("hud") instance=ExtResource("3_lh0sk")]
transform = Transform3D(-0.0567799, 0, -0.998387, 0, 1, 0, 0.998387, 0, -0.0567799, 0.249722, 3.51002, -17.1648)
hud = NodePath("../../HUD")

[node name="Coin73" parent="Coins" node_paths=PackedStringArray("hud") instance=ExtResource("3_lh0sk")]
transform = Transform3D(-0.0567799, 0, -0.998387, 0, 1, 0, 0.998387, 0, -0.0567799, 3.71393, 3.51002, -17.1648)
hud = NodePath("../../HUD")

[node name="Coin35" parent="Coins" node_paths=PackedStringArray("hud") instance=ExtResource("3_lh0sk")]
transform = Transform3D(-0.0567799, 0, -0.998387, 0, 1, 0, 0.998387, 0, -0.0567799, -6.86404, 3.51002, -32.7498)
hud = NodePath("../../HUD")

[node name="Coin36" parent="Coins" node_paths=PackedStringArray("hud") instance=ExtResource("3_lh0sk")]
transform = Transform3D(-0.0567799, 0, -0.998387, 0, 1, 0, 0.998387, 0, -0.0567799, -3.68401, 3.51002, -28.5259)
hud = NodePath("../../HUD")

[node name="Coin37" parent="Coins" node_paths=PackedStringArray("hud") instance=ExtResource("3_lh0sk")]
transform = Transform3D(-0.0567799, 0, -0.998387, 0, 1, 0, 0.998387, 0, -0.0567799, -1.54966, 3.51002, -28.5259)
hud = NodePath("../../HUD")

[node name="Coin17" parent="Coins" node_paths=PackedStringArray("hud") instance=ExtResource("3_lh0sk")]
transform = Transform3D(-0.0567799, 0, -0.998387, 0, 1, 0, 0.998387, 0, -0.0567799, 23.345, 6.80582, 0.958423)
hud = NodePath("../../HUD")

[node name="Coin18" parent="Coins" node_paths=PackedStringArray("hud") instance=ExtResource("3_lh0sk")]
transform = Transform3D(-0.0567799, 0, -0.998387, 0, 1, 0, 0.998387, 0, -0.0567799, 21.51, 6.80582, 0.958423)
hud = NodePath("../../HUD")

[node name="Coin19" parent="Coins" node_paths=PackedStringArray("hud") instance=ExtResource("3_lh0sk")]
transform = Transform3D(-0.0567799, 0, -0.998387, 0, 1, 0, 0.998387, 0, -0.0567799, 21.51, 6.80582, -1.37605)
hud = NodePath("../../HUD")

[node name="Coin85" parent="Coins" node_paths=PackedStringArray("hud") instance=ExtResource("3_lh0sk")]
transform = Transform3D(-0.0567799, 0, -0.998387, 0, 1, 0, 0.998387, 0, -0.0567799, 20.955, 6.80582, -8.78578)
hud = NodePath("../../HUD")

[node name="Coin86" parent="Coins" node_paths=PackedStringArray("hud") instance=ExtResource("3_lh0sk")]
transform = Transform3D(-0.0567799, 0, -0.998387, 0, 1, 0, 0.998387, 0, -0.0567799, 18.9406, 6.80582, -8.91978)
hud = NodePath("../../HUD")

[node name="Coin87" parent="Coins" node_paths=PackedStringArray("hud") instance=ExtResource("3_lh0sk")]
transform = Transform3D(-0.0567799, 0, -0.998387, 0, 1, 0, 0.998387, 0, -0.0567799, 17.0951, 6.80582, -9.13684)
hud = NodePath("../../HUD")

[node name="Coin88" parent="Coins" node_paths=PackedStringArray("hud") instance=ExtResource("3_lh0sk")]
transform = Transform3D(-0.0567799, 0, -0.998387, 0, 1, 0, 0.998387, 0, -0.0567799, 15.0557, 6.80582, -9.06794)
hud = NodePath("../../HUD")

[node name="Coin20" parent="Coins" node_paths=PackedStringArray("hud") instance=ExtResource("3_lh0sk")]
transform = Transform3D(-0.0567799, 0, -0.998387, 0, 1, 0, 0.998387, 0, -0.0567799, 23.1769, 6.80582, -1.37605)
hud = NodePath("../../HUD")

[node name="Coin21" parent="Coins" node_paths=PackedStringArray("hud") instance=ExtResource("3_lh0sk")]
transform = Transform3D(-0.0567799, 0, -0.998387, 0, 1, 0, 0.998387, 0, -0.0567799, 23.1769, 6.80582, -1.37605)
hud = NodePath("../../HUD")

[node name="Coin80" parent="Coins" node_paths=PackedStringArray("hud") instance=ExtResource("3_lh0sk")]
transform = Transform3D(-0.0567799, 0, -0.998387, 0, 1, 0, 0.998387, 0, -0.0567799, 17.5278, 4.12675, 16.6374)
hud = NodePath("../../HUD")

[node name="Coin83" parent="Coins" node_paths=PackedStringArray("hud") instance=ExtResource("3_lh0sk")]
transform = Transform3D(-0.0567799, 0, -0.998387, 0, 1, 0, 0.998387, 0, -0.0567799, 17.5278, 4.12675, 19.0467)
hud = NodePath("../../HUD")

[node name="Coin84" parent="Coins" node_paths=PackedStringArray("hud") instance=ExtResource("3_lh0sk")]
transform = Transform3D(-0.0567799, 0, -0.998387, 0, 1, 0, 0.998387, 0, -0.0567799, 11.5274, 4.12675, 19.0467)
hud = NodePath("../../HUD")

[node name="Coin81" parent="Coins" node_paths=PackedStringArray("hud") instance=ExtResource("3_lh0sk")]
transform = Transform3D(-0.0567799, 0, -0.998387, 0, 1, 0, 0.998387, 0, -0.0567799, 19.1947, 4.12675, 14.3029)
hud = NodePath("../../HUD")

[node name="Coin82" parent="Coins" node_paths=PackedStringArray("hud") instance=ExtResource("3_lh0sk")]
transform = Transform3D(-0.0567799, 0, -0.998387, 0, 1, 0, 0.998387, 0, -0.0567799, 19.1947, 4.12675, 14.3029)
hud = NodePath("../../HUD")

[node name="Coin14" parent="Coins" node_paths=PackedStringArray("hud") instance=ExtResource("3_lh0sk")]
transform = Transform3D(-0.0567799, 0, -0.998387, 0, 1, 0, 0.998387, 0, -0.0567799, 6.05097, 3.51002, -17.1648)
hud = NodePath("../../HUD")

[node name="Coin15" parent="Coins" node_paths=PackedStringArray("hud") instance=ExtResource("3_lh0sk")]
transform = Transform3D(-0.0567799, 0, -0.998387, 0, 1, 0, 0.998387, 0, -0.0567799, 8.2322, 3.51002, -17.1648)
hud = NodePath("../../HUD")

[node name="Coin32" parent="Coins" node_paths=PackedStringArray("hud") instance=ExtResource("3_lh0sk")]
transform = Transform3D(-0.0567799, 0, -0.998387, -0.450275, 0.892523, 0.0256079, 0.891083, 0.451002, -0.0506774, 3.71393, 3.51002, -24.5767)
hud = NodePath("../../HUD")

[node name="Coin33" parent="Coins" node_paths=PackedStringArray("hud") instance=ExtResource("3_lh0sk")]
transform = Transform3D(-0.0567799, 0, -0.998387, -0.450275, 0.892523, 0.0256079, 0.891083, 0.451002, -0.0506774, 6.05097, 3.51002, -28.8473)
hud = NodePath("../../HUD")

[node name="Coin34" parent="Coins" node_paths=PackedStringArray("hud") instance=ExtResource("3_lh0sk")]
transform = Transform3D(-0.0567799, 0, -0.998387, -0.450275, 0.892523, 0.0256079, 0.891083, 0.451002, -0.0506774, 8.2322, 3.51002, -24.5767)
hud = NodePath("../../HUD")

[node name="Coin38" parent="Coins" node_paths=PackedStringArray("hud") instance=ExtResource("3_lh0sk")]
transform = Transform3D(-0.0567799, 0, -0.998387, -0.450275, 0.892523, 0.0256079, 0.891083, 0.451002, -0.0506774, 10.3752, 3.51002, -23.0356)
hud = NodePath("../../HUD")

[node name="Coin39" parent="Coins" node_paths=PackedStringArray("hud") instance=ExtResource("3_lh0sk")]
transform = Transform3D(-0.0567799, 0, -0.998387, -0.450275, 0.892523, 0.0256079, 0.891083, 0.451002, -0.0506774, 12.7123, 3.51002, -24.5767)
hud = NodePath("../../HUD")

[node name="Coin40" parent="Coins" node_paths=PackedStringArray("hud") instance=ExtResource("3_lh0sk")]
transform = Transform3D(-0.0567799, 0, -0.998387, -0.450275, 0.892523, 0.0256079, 0.891083, 0.451002, -0.0506774, 14.8935, 3.51002, -24.5767)
hud = NodePath("../../HUD")

[node name="Coin41" parent="Coins" node_paths=PackedStringArray("hud") instance=ExtResource("3_lh0sk")]
transform = Transform3D(-0.0567799, 0, -0.998387, -0.450275, 0.892523, 0.0256079, 0.891083, 0.451002, -0.0506774, 16.4342, 5.05493, -32.6894)
hud = NodePath("../../HUD")

[node name="Coin42" parent="Coins" node_paths=PackedStringArray("hud") instance=ExtResource("3_lh0sk")]
transform = Transform3D(-0.0567799, 0, -0.998387, -0.450275, 0.892523, 0.0256079, 0.891083, 0.451002, -0.0506774, 18.7712, 4.32967, -34.4802)
hud = NodePath("../../HUD")

[node name="Coin43" parent="Coins" node_paths=PackedStringArray("hud") instance=ExtResource("3_lh0sk")]
transform = Transform3D(-0.0567799, 0, -0.998387, -0.450275, 0.892523, 0.0256079, 0.891083, 0.451002, -0.0506774, 20.9524, 4.55306, -30.7367)
hud = NodePath("../../HUD")

[node name="Coin44" parent="Coins" node_paths=PackedStringArray("hud") instance=ExtResource("3_lh0sk")]
transform = Transform3D(-0.0567799, 0, -0.998387, -0.450275, 0.892523, 0.0256079, 0.891083, 0.451002, -0.0506774, 23.0955, 3.51002, -26.5436)
hud = NodePath("../../HUD")

[node name="Coin45" parent="Coins" node_paths=PackedStringArray("hud") instance=ExtResource("3_lh0sk")]
transform = Transform3D(-0.0567799, 0, -0.998387, -0.450275, 0.892523, 0.0256079, 0.891083, 0.451002, -0.0506774, 18.4373, 4.50602, -32.6894)
hud = NodePath("../../HUD")

[node name="Coin46" parent="Coins" node_paths=PackedStringArray("hud") instance=ExtResource("3_lh0sk")]
transform = Transform3D(-0.0567799, 0, -0.998387, -0.450275, 0.892523, 0.0256079, 0.891083, 0.451002, -0.0506774, 24.4571, 5.04489, -32.6894)
hud = NodePath("../../HUD")

[node name="Coin16" parent="Coins" node_paths=PackedStringArray("hud") instance=ExtResource("3_lh0sk")]
transform = Transform3D(-0.0567799, 0, -0.998387, 0, 1, 0, 0.998387, 0, -0.0567799, 12.9452, 3.51002, -17.1648)
hud = NodePath("../../HUD")

[node name="Coin22" parent="Coins" node_paths=PackedStringArray("hud") instance=ExtResource("3_lh0sk")]
transform = Transform3D(-0.0567799, 0, -0.998387, 0, 1, 0, 0.998387, 0, -0.0567799, -3.59127, 8.42582, -14.0947)
hud = NodePath("../../HUD")

[node name="Coin23" parent="Coins" node_paths=PackedStringArray("hud") instance=ExtResource("3_lh0sk")]
transform = Transform3D(-0.0567799, 0, -0.998387, 0, 1, 0, 0.998387, 0, -0.0567799, -6.00316, 8.42582, -14.0947)
hud = NodePath("../../HUD")

[node name="Coin24" parent="Coins" node_paths=PackedStringArray("hud") instance=ExtResource("3_lh0sk")]
transform = Transform3D(-0.0567799, 0, -0.998387, 0, 1, 0, 0.998387, 0, -0.0567799, -1.25763, 8.42582, -14.0947)
hud = NodePath("../../HUD")

[node name="Coin74" parent="Coins" node_paths=PackedStringArray("hud") instance=ExtResource("3_lh0sk")]
transform = Transform3D(-0.0567799, 0, -0.998387, -0.450275, 0.892523, 0.0256079, 0.891083, 0.451002, -0.0506774, 8.2322, 3.51002, -24.5767)
hud = NodePath("../../HUD")

[node name="Coin75" parent="Coins" node_paths=PackedStringArray("hud") instance=ExtResource("3_lh0sk")]
transform = Transform3D(-0.0567799, 0, -0.998387, -0.450275, 0.892523, 0.0256079, 0.891083, 0.451002, -0.0506774, 10.3752, 3.51002, -23.0356)
hud = NodePath("../../HUD")

[node name="Coin76" parent="Coins" node_paths=PackedStringArray("hud") instance=ExtResource("3_lh0sk")]
transform = Transform3D(-0.0567799, 0, -0.998387, -0.450275, 0.892523, 0.0256079, 0.891083, 0.451002, -0.0506774, 12.7123, 3.51002, -24.5767)
hud = NodePath("../../HUD")

[node name="Coin77" parent="Coins" node_paths=PackedStringArray("hud") instance=ExtResource("3_lh0sk")]
transform = Transform3D(-0.0567799, 0, -0.998387, -0.450275, 0.892523, 0.0256079, 0.891083, 0.451002, -0.0506774, 14.8935, 3.51002, -24.5767)
hud = NodePath("../../HUD")

[node name="Coin78" parent="Coins" node_paths=PackedStringArray("hud") instance=ExtResource("3_lh0sk")]
transform = Transform3D(-0.0567799, 0, -0.998387, 0, 1, 0, 0.998387, 0, -0.0567799, -3.59127, 8.42582, -14.0947)
hud = NodePath("../../HUD")

[node name="Coin79" parent="Coins" node_paths=PackedStringArray("hud") instance=ExtResource("3_lh0sk")]
transform = Transform3D(-0.0567799, 0, -0.998387, 0, 1, 0, 0.998387, 0, -0.0567799, -1.25763, 8.42582, -14.0947)
hud = NodePath("../../HUD")

[node name="Coin25" parent="Coins" node_paths=PackedStringArray("hud") instance=ExtResource("3_lh0sk")]
transform = Transform3D(-0.0567799, 0, -0.998387, 0, 1, 0, 0.998387, 0, -0.0567799, 1.0794, 8.42582, -14.0947)
hud = NodePath("../../HUD")

[node name="Coin26" parent="Coins" node_paths=PackedStringArray("hud") instance=ExtResource("3_lh0sk")]
transform = Transform3D(-0.0567799, 0, -0.998387, 0, 1, 0, 0.998387, 0, -0.0567799, 3.26064, 8.42582, -14.0947)
hud = NodePath("../../HUD")

[node name="Chestt4" parent="Coins" node_paths=PackedStringArray("hud") instance=ExtResource("2_rd4pe")]
transform = Transform3D(0.0449271, 0, 0.99899, 0, 1, 0, -0.99899, 0, 0.0449271, -16.9152, 5.98157, 3.0606)
hud = NodePath("../../HUD")

[node name="Chestt8" parent="Coins" node_paths=PackedStringArray("hud") instance=ExtResource("2_rd4pe")]
transform = Transform3D(0.0449271, 0, 0.99899, 0, 1, 0, -0.99899, 0, 0.0449271, -21.2952, 5.45481, -7.66394)
hud = NodePath("../../HUD")

[node name="Chestt11" parent="Coins" node_paths=PackedStringArray("hud") instance=ExtResource("2_rd4pe")]
transform = Transform3D(0.0449271, 0, 0.99899, 0, 1, 0, -0.99899, 0, 0.0449271, -17.543, 6.58091, -4.77249)
hud = NodePath("../../HUD")

[node name="Chestt9" parent="Coins" node_paths=PackedStringArray("hud") instance=ExtResource("2_rd4pe")]
transform = Transform3D(0.0449271, 0, 0.99899, 0, 1, 0, -0.99899, 0, 0.0449271, -21.2952, 5.45481, 3.96777)
hud = NodePath("../../HUD")

[node name="Chestt10" parent="Coins" node_paths=PackedStringArray("hud") instance=ExtResource("2_rd4pe")]
transform = Transform3D(0.0449271, 0, 0.99899, 0, 1, 0, -0.99899, 0, 0.0449271, -23.2733, 5.45481, 3.96777)
hud = NodePath("../../HUD")

[node name="Coin27" parent="Coins" node_paths=PackedStringArray("hud") instance=ExtResource("3_lh0sk")]
transform = Transform3D(0.994828, 0, -0.101577, 0, 1, 0, 0.101577, 0, 0.994828, -22.7748, 7.82941, 3.70668)
hud = NodePath("../../HUD")

[node name="Coin28" parent="Coins" node_paths=PackedStringArray("hud") instance=ExtResource("3_lh0sk")]
transform = Transform3D(0.994828, 0, -0.101577, 0, 1, 0, 0.101577, 0, 0.994828, -25.5351, 6.49521, 7.51417)
hud = NodePath("../../HUD")

[node name="Coin61" parent="Coins" node_paths=PackedStringArray("hud") instance=ExtResource("3_lh0sk")]
transform = Transform3D(0.994828, 0, -0.101577, 0, 1, 0, 0.101577, 0, 0.994828, -25.5351, 6.49521, 5.12874)
hud = NodePath("../../HUD")

[node name="Coin63" parent="Coins" node_paths=PackedStringArray("hud") instance=ExtResource("3_lh0sk")]
transform = Transform3D(0.994828, 0, -0.101577, 0, 1, 0, 0.101577, 0, 0.994828, -15.1959, 7.41682, 2.42533)
hud = NodePath("../../HUD")

[node name="Coin64" parent="Coins" node_paths=PackedStringArray("hud") instance=ExtResource("3_lh0sk")]
transform = Transform3D(0.994828, 0, -0.101577, 0, 1, 0, 0.101577, 0, 0.994828, -15.8257, 8.04917, 0.766249)
hud = NodePath("../../HUD")

[node name="Coin68" parent="Coins" node_paths=PackedStringArray("hud") instance=ExtResource("3_lh0sk")]
transform = Transform3D(0.994828, 0, -0.101577, 0, 1, 0, 0.101577, 0, 0.994828, -15.8257, 8.04917, -3.52825)
hud = NodePath("../../HUD")

[node name="Coin65" parent="Coins" node_paths=PackedStringArray("hud") instance=ExtResource("3_lh0sk")]
transform = Transform3D(0.994828, 0, -0.101577, 0, 1, 0, 0.101577, 0, 0.994828, -16.7865, 7.30985, 1.10931)
hud = NodePath("../../HUD")

[node name="Coin66" parent="Coins" node_paths=PackedStringArray("hud") instance=ExtResource("3_lh0sk")]
transform = Transform3D(0.994828, 0, -0.101577, 0, 1, 0, 0.101577, 0, 0.994828, -17.1157, 7.23831, -1.22054)
hud = NodePath("../../HUD")

[node name="Coin67" parent="Coins" node_paths=PackedStringArray("hud") instance=ExtResource("3_lh0sk")]
transform = Transform3D(0.994828, 0, -0.101577, 0, 1, 0, 0.101577, 0, 0.994828, -15.1277, 6.86841, -0.972044)
hud = NodePath("../../HUD")

[node name="Coin62" parent="Coins" node_paths=PackedStringArray("hud") instance=ExtResource("3_lh0sk")]
transform = Transform3D(0.994828, 0, -0.101577, 0, 1, 0, 0.101577, 0, 0.994828, -25.5351, 6.49521, 2.11344)
hud = NodePath("../../HUD")

